SmapEntryID	RefcontigID1	RefcontigID2	RefStartPos	RefEndPos	QryStartPos	QryEndPos	Confidence	Type	Zygosity	Genotype	SV_size
369	2	2	1697676.0	1730512.0	442636.4	474393.2	0.99	deletion	heterozygous	1	1079.0
562	2	2	164811020.0	164894731.0	1953982.7	1963323.6	1.0	deletion	heterozygous	1	74370.0
776	3	3	91431913.0	91441888.0	44356.7	51228.3	1.0	deletion	heterozygous	1	3103.0
828	3	3	161053785.0	161066656.0	2430417.6	2436520.7	1.0	deletion	heterozygous	1	6768.0
907	4	4	10268752.0	10273404.0	271230.7	273770.3	1.0	deletion	homozygous	1	2112.0
1037	4	4	140360175.0	140367295.0	1280604.1	1286569.0	0.98	deletion	heterozygous	1	1155.0
1220	5	5	45168276.0	45199584.0	358518.1	387549.6	1.0	deletion	heterozygous	1	2276.0
1527	6	6	117779167.0	117824994.0	226014.0	251427.9	1.0	deletion	heterozygous	1	20413.0
1529	6	6	127350536.0	127439682.0	1436403.4	1523548.5	1.0	deletion	heterozygous	1	2001.0
1643	7	7	406352.0	434871.0	219233.8	246708.6	0.98	deletion	heterozygous	1	1044.0
1720	7	7	66648702.0	66654447.0	494141.6	497695.5	1.0	deletion	heterozygous	1	2191.0
1784	7	7	106386924.0	106403883.0	908256.3	923293.2	0.99	deletion	heterozygous	1	1922.0
2004	8	8	23262579.0	23290119.0	244856.9	269959.0	1.0	deletion	heterozygous	1	2438.0
2174	9	9	12080762.0	12097056.0	1430414.0	1439004.9	1.0	deletion	heterozygous	1	7703.0
2180	9	9	15288390.0	15381468.0	94348.1	103016.1	1.0	deletion	heterozygous	1	84410.0
2243	9	9	77614829.0	77625873.8	616474.0	625560.4	0.99	deletion	heterozygous	1	1958.0
2288	9	9	123913054.0	123942714.0	570082.0	593651.7	1.0	deletion	heterozygous	1	6090.0
3005	13	13	66005980.0	66037151.0	567002.3	596734.5	0.98	deletion	heterozygous	1	1439.0
3291	15	15	90940132.0	90956418.5	325305.6	339762.2	0.99	deletion	heterozygous	1	1830.0
3348	16	16	4822097.0	4832061.0	753578.0	761880.8	0.99	deletion	heterozygous	1	1661.0
3390	16	16	25213919.0	25221209.0	2139090.9	2145203.4	0.99	deletion	heterozygous	1	1178.0
3512	17	17	4654569.0	4666132.0	269805.9	279826.1	0.99	deletion	heterozygous	1	1543.0
3795	19	19	1773890.0	1785415.0	557324.6	565039.3	1.0	deletion	heterozygous	1	3810.0
3863	19	19	27795702.0	27829287.0	300636.2	309787.0	1.0	deletion	heterozygous	1	24434.0
3953	20	20	5178893.0	5198772.0	42672.4	61491.1	0.98	deletion	heterozygous	1	1060.0
4395	X	23	34976521.8	34978173.0	265444.9	266060.2	0.99	deletion	homozygous	1	1036.0
4474	X	23	93989208.0	93993923.0	27898.6	29465.4	1.0	deletion	heterozygous	1	3148.0
