SmapEntryID	RefcontigID1	RefcontigID2	RefStartPos	RefEndPos	QryStartPos	QryEndPos	Confidence	Type	Zygosity	Genotype	SV_size
276	1	1	60480738.0	60506742.0	22843989.5	22860555.0	1.0	deletion	heterozygous	1	9438.0
1157	1	1	189607386.0	189616224.0	16734456.4	16741059.4	1.0	deletion	heterozygous	1	2235.0
1730	2	2	28594.0	35478.0	25420.7	29616.7	1.0	deletion	heterozygous	1	2688.0
2039	2	2	52892010.0	52990820.0	52842642.0	52844089.5	1.0	deletion	heterozygous	1	97362.0
4050	3	3	139979285.0	139992904.0	58306244.9	58318360.7	0.99	deletion	heterozygous	1	1503.0
4255	3	3	179545539.0	179551710.0	18823932.4	18826558.3	1.0	deletion	heterozygous	1	3545.0
4332	4	4	3808249.0	3914578.0	3816118.1	3902692.1	1.0	deletion	heterozygous	1	19755.0
5253	4	4	187278888.0	187281796.0	2886918.0	2888276.1	0.99	deletion	heterozygous	1	1550.0
6067	5	5	99422666.0	100342604.0	29162642.5	30079014.1	1.0	deletion	heterozygous	1	3566.0
6915	6	6	55688798.0	55746324.0	2746456.4	2752961.3	1.0	deletion	heterozygous	1	51021.0
7471	6	6	94920608.0	94946269.0	34694740.1	34706680.3	1.0	deletion	heterozygous	1	13721.0
7766	7	7	15331311.0	15427725.0	41740095.3	41741627.0	1.0	deletion	heterozygous	1	94882.0
7776	7	7	3738751.0	3786100.0	53298948.2	53301059.1	1.0	deletion	heterozygous	1	45238.0
8300	7	7	82410455.0	82428923.0	20204435.1	20220642.3	1.0	deletion	heterozygous	1	2261.0
9004	8	8	16145554.0	16213349.0	3717958.4	3777089.4	1.0	deletion	heterozygous	2	8664.0
10058	9	9	3143803.0	3154254.0	3139522.7	3143585.6	1.0	deletion	heterozygous	2	6388.0
10167	9	9	35653858.0	35667994.0	35591867.6	35604423.0	0.99	deletion	heterozygous	1	1581.0
10498	9	9	72596193.0	72618254.0	4452170.8	4467977.7	1.0	deletion	heterozygous	1	6254.0
11025	10	10	16401865.0	16425123.0	16407040.4	16422814.7	1.0	deletion	heterozygous	1	7484.0
11731	10	10	108212493.0	108222900.0	25578751.4	25587962.5	0.99	deletion	heterozygous	1	1196.0
12180	11	11	47934519.0	47947059.0	1425865.6	1436503.2	0.99	deletion	heterozygous	1	1902.0
12412	11	11	85359581.0	85389864.5	4281654.0	4297876.7	1.0	deletion	heterozygous	1	14061.0
12832	12	12	10085430.0	10102690.5	10085085.6	10101118.4	0.99	deletion	heterozygous	1	1228.0
14383	13	13	112740482.0	112785852.0	1538986.7	1579002.8	1.0	deletion	heterozygous	1	5354.0
15026	14	14	78995369.5	79008301.5	28757128.7	28765455.9	1.0	deletion	heterozygous	1	4605.0
15568	15	15	88940422.0	88944255.0	58434914.3	58436190.6	1.0	deletion	heterozygous	1	2557.0
17556	19	19	7753320.0	7759563.0	6739814.8	6744527.0	0.99	deletion	heterozygous	1	1531.0
17868	20	20	3014094.0	3038933.0	23237017.8	23260786.9	0.98	deletion	heterozygous	1	1070.0
18158	20	20	53656813.5	53677313.0	10787648.1	10801533.0	1.0	deletion	heterozygous	1	6615.0
18316	20	20	53668503.0	53677313.0	10775513.9	10777609.2	1.0	deletion	heterozygous	2	6715.0
18600	21	21	16883958.5	16923707.0	3965989.7	3983863.4	1.0	deletion	heterozygous	1	21875.0
19073	X	23	24568681.0	24582734.0	33475457.8	33488155.9	0.99	deletion	homozygous	1	1355.0
19268	X	23	24568681.0	24582734.0	33521950.5	33534648.7	0.99	deletion	homozygous	1	1355.0
