SmapEntryID	RefcontigID1	RefcontigID2	RefStartPos	RefEndPos	QryStartPos	QryEndPos	Confidence	Type	Zygosity	Genotype	SV_size	Found_in_Father	Found_in_Mother
420	1	1	45774394.0	45782044.0	29877363.5	29883362.4	0.99	deletion	heterozygous	1	1651.0	True	False
758	1	1	115937617.0	115950592.0	32580724.4	32587433.4	1.0	deletion	heterozygous	1	6266.0	False	True
864	1	1	148253278.0	149352353.0	153166.2	306123.0	0.99	deletion	heterozygous	2	946118.0	True	False
988	1	1	185811553.0	185817568.0	36512774.6	36516927.1	0.99	deletion	heterozygous	1	1862.0	True	False
1021	1	1	195643718.0	195673224.5	46303265.5	46329657.7	1.0	deletion	heterozygous	1	3114.0	True	False
1093	1	1	166236227.0	166244940.0	17028747.8	17034427.2	1.0	deletion	heterozygous	1	3034.0	False	False
1116	1	1	172786454.0	172794273.0	23551140.2	23556373.8	1.0	deletion	heterozygous	1	2585.0	True	False
1425	1	1	233123657.0	233130449.0	10102574.7	10106443.6	1.0	deletion	heterozygous	1	2923.0	False	True
1503	1	1	248304428.0	248330320.0	621356.7	642540.2	1.0	deletion	heterozygous	1	4708.0	False	True
1580	2	2	4992665.0	4999298.5	82538976.8	82543268.7	1.0	deletion	heterozygous	1	2342.0	False	True
1658	2	2	23239856.0	23256731.0	64286346.8	64294021.8	1.0	deletion	heterozygous	1	9200.0	False	True
2432	2	2	108958253.0	108976521.0	14462658.2	14470537.3	1.0	deletion	heterozygous	1	10389.0	False	False
2513	2	2	126410507.0	126436281.0	15125914.0	15142265.7	1.0	deletion	heterozygous	1	9422.0	True	False
2527	2	2	129668516.0	129688600.5	18367047.8	18379450.7	1.0	deletion	heterozygous	1	7682.0	False	True
2614	2	2	133665050.0	133679562.0	1713496.6	1725119.1	1.0	deletion	heterozygous	1	2890.0	True	False
3136	2	2	207275119.0	207289769.0	75060497.9	75072392.4	1.0	deletion	heterozygous	1	2756.0	True	True
3160	2	2	214782243.0	214789857.0	82549531.1	82555853.6	0.99	deletion	heterozygous	1	1292.0	False	True
3341	3	3	32649527.0	32654907.0	32611271.2	32615622.1	0.99	deletion	heterozygous	1	1029.0	False	False
3561	3	3	21573697.0	21576421.0	21721066.3	21722589.0	0.99	deletion	heterozygous	1	1201.0	True	False
3576	3	3	26418859.0	26422001.0	26551911.4	26553455.7	0.99	deletion	heterozygous	1	1598.0	False	True
3625	3	3	43419984.0	43434540.0	43538988.8	43549263.5	1.0	deletion	heterozygous	1	4281.0	True	False
3942	3	3	166411643.0	166437107.0	72586566.3	72607042.9	1.0	deletion	heterozygous	1	4987.0	False	True
3996	3	3	185870160.0	185888459.0	92001104.0	92015959.0	1.0	deletion	heterozygous	1	3444.0	True	False
4183	3	3	146695891.0	146700420.0	52926393.2	52928461.3	1.0	deletion	heterozygous	1	2461.0	True	False
4250	3	3	171319886.0	171336281.0	77492647.1	77507270.4	0.99	deletion	heterozygous	1	1772.0	True	False
4761	4	4	78709781.0	78713801.5	26781739.6	26783896.7	0.99	deletion	heterozygous	1	1863.0	False	False
5199	4	4	112189637.0	112194232.0	60160070.7	60162934.2	0.99	deletion	heterozygous	1	1732.0	False	True
5425	4	4	145980455.0	145989025.0	14269477.3	14275497.3	1.0	deletion	heterozygous	1	2550.0	True	False
5471	4	4	162444706.0	162451992.0	30713863.4	30718719.5	1.0	deletion	heterozygous	1	2430.0	False	True
5772	5	5	7259460.0	7278037.5	10328978.2	10346227.3	0.99	deletion	heterozygous	1	1328.0	False	True
6037	5	5	34796046.0	34798956.0	11594332.6	11596117.9	0.99	deletion	heterozygous	1	1125.0	False	False
6662	5	5	109270355.0	109275865.0	37815170.9	37818593.8	1.0	deletion	heterozygous	1	2087.0	True	False
7277	6	6	56044608.0	56050267.0	55877823.3	55878720.8	1.0	deletion	heterozygous	2	4762.0	False	False
8135	7	7	47236157.5	47253383.0	46728344.2	46738763.7	1.0	deletion	heterozygous	1	6806.0	True	False
8200	7	7	12018787.0	12024966.0	11500381.2	11501828.6	1.0	deletion	heterozygous	2	4732.0	True	False
8340	7	7	56422265.0	56432637.0	55932728.2	55939910.3	1.0	deletion	heterozygous	1	3190.0	True	False
8523	7	7	91922537.0	91939131.8	67677503.5	67691855.4	1.0	deletion	heterozygous	1	2243.0	False	True
8538	7	7	97218332.0	97230462.0	62415711.1	62423958.2	1.0	deletion	heterozygous	1	3883.0	False	True
9284	8	8	28600039.0	28615144.0	15333627.7	15347020.4	0.99	deletion	heterozygous	1	1712.0	False	True
9300	8	8	35197097.0	35203195.0	8761838.2	8764650.7	1.0	deletion	heterozygous	1	3286.0	False	True
10065	8	8	116960036.0	116962388.0	28179428.0	28180343.0	0.99	deletion	heterozygous	1	1437.0	True	False
10379	9	9	17177659.0	17223703.0	17153129.6	17190722.4	1.0	deletion	heterozygous	2	8451.0	False	False
10986	9	9	109036907.5	109049074.0	40774049.0	40784772.3	0.99	deletion	heterozygous	1	1443.0	False	False
11043	9	9	126706776.0	126734459.0	58459823.4	58484505.4	1.0	deletion	heterozygous	2	3001.0	False	True
11808	10	10	111147136.0	111150567.0	22659045.2	22661305.8	0.99	deletion	heterozygous	1	1170.0	False	False
12977	12	12	29802769.0	29808864.0	4971649.6	4973817.3	1.0	deletion	heterozygous	1	3927.0	False	True
12999	12	12	39902877.0	39922670.0	93318805.9	93324373.8	1.0	deletion	heterozygous	1	14225.0	False	True
13434	12	12	46072940.5	46085967.5	87176453.8	87188217.5	0.99	deletion	heterozygous	1	1263.0	False	False
13443	12	12	47334591.5	47341227.0	85929742.7	85935262.4	0.99	deletion	heterozygous	1	1116.0	False	False
13486	12	12	59705193.0	59727934.0	73540675.3	73562340.2	0.99	deletion	heterozygous	1	1076.0	False	False
13656	12	12	95646673.0	95655728.0	37673969.8	37680738.5	1.0	deletion	heterozygous	1	2286.0	True	False
13841	13	13	20950729.0	20962205.5	2530486.5	2538325.8	1.0	deletion	heterozygous	1	3637.0	False	True
14109	13	13	65881832.0	65885372.0	47501170.1	47502477.6	1.0	deletion	heterozygous	1	2232.0	True	False
14117	13	13	69304737.0	69312300.0	50910023.2	50911865.0	1.0	deletion	heterozygous	1	5721.0	False	True
14169	13	13	84204545.0	84212762.0	65761385.2	65767050.8	1.0	deletion	heterozygous	1	2551.0	False	True
14317	13	13	67746608.0	67755943.0	49258844.9	49259870.5	1.0	deletion	heterozygous	1	8309.0	True	False
14558	14	14	21214903.0	21228032.0	1728446.5	1736614.7	1.0	deletion	heterozygous	1	4961.0	False	True
14582	14	14	27942154.0	27981184.5	8435092.4	8468705.2	1.0	deletion	heterozygous	2	5418.0	True	False
14737	14	14	83895948.0	83906521.0	64336881.6	64346255.9	0.99	deletion	heterozygous	1	1199.0	False	False
16164	17	17	2110144.0	2125983.0	16398124.0	16408334.3	1.0	deletion	homozygous	1	5629.0	True	False
16221	17	17	2110144.0	2125983.0	16369588.7	16379798.9	1.0	deletion	homozygous	1	5629.0	True	False
16248	17	17	9274185.0	9284725.0	9227537.3	9235563.2	1.0	deletion	heterozygous	1	2514.0	False	True
16250	17	17	11935813.0	11951718.0	6563679.9	6576622.1	1.0	deletion	heterozygous	1	2963.0	False	True
16435	17	17	48081944.0	48090282.0	35201813.9	35209107.8	0.99	deletion	homozygous	1	1044.0	False	False
16460	17	17	59169677.0	59185831.0	24106532.1	24120722.7	0.99	deletion	heterozygous	1	1963.0	False	True
16535	17	17	48081944.0	48090282.0	35184988.4	35192282.2	0.99	deletion	homozygous	1	1044.0	False	False
16938	18	18	48780857.0	48789818.0	27911752.7	27916851.7	1.0	deletion	heterozygous	1	3862.0	False	True
17181	19	19	6628739.0	6640913.5	6607577.7	6618202.0	0.99	deletion	homozygous	1	1550.0	False	True
17237	19	19	12358961.5	12376556.0	12390525.0	12406633.3	0.98	deletion	heterozygous	1	1486.0	False	False
17255	19	19	17489479.0	17495591.0	7261645.6	7266496.6	0.99	deletion	heterozygous	1	1261.0	True	False
17336	19	19	34845179.5	34854340.0	1440052.9	1446692.0	1.0	deletion	heterozygous	1	2521.0	True	False
18031	21	21	10757319.0	10766790.0	27313.6	34151.7	1.0	deletion	unknown	-1	2633.0	False	False
18899	X	23	49962877.0	49969428.0	8649150.0	8653291.2	1.0	deletion	heterozygous	1	2410.0	False	True
